15.104437611678254 26.93596045453523 13.174886176610837
32.01271636508403 21.502787677817643 14.056495131881562
23.416845337959106 14.81718719477485 23.99348916276086
19.282465921590795 15.16637640511701 14.853783812363522
3.1562484573966305 5.9788189480686045 27.851221354943377
14.305109731738487 12.404751319765749 7.263858908844914
4.438183646631354 9.799855046601314 13.451881452179618
11.473185584653532 0.3313889122353664 3.487729923667067
25.35803530473863 17.793682009929526 11.467074389111897
18.136684765021855 34.72385416347409 9.209112428437043
