17.75083435273483 12.225135522624141 13.74801442569288
11.003322169352721 10.86047548654723 24.875028188684606
10.237498025942951 21.01670259927723 9.83488607778228
0.7132661158227505 1.3855406451047894 23.22790401678799
33.08277944653282 25.50918457096437 11.175550513437477
17.59493448554677 24.69440895389156 -4.044552696136972
5.80712842659233 9.29015617454524 26.929574779844884
15.02479664730423 -3.3781967472101657 17.632219617258276
29.10989066061889 2.2101819226918216 17.719586602871363
19.771954748189412 6.413215989207959 1.2175199974321067
18.366409913232268 0.6541669588974912 18.35020822280071
32.13144599418426 18.04417123884197 11.604009419627822
6.090480706126307 -0.78320925713383 21.464336612388678
17.577395549815733 20.48526619651553 6.345439138334491
24.495859876508725 7.81363997814811 2.034168281057444
