-0.08814292190426509 21.957308256498735 3.9240293402829463
6.935364291973936 -1.5427649576576492 -2.434798914217252
20.20486664724023 3.8709774568900652 30.101139078753764
-4.650904493590424 17.29839381651672 13.15478124669151
20.471088205309364 7.127008089420141 -0.32268741175864335
-1.0024489776356336 4.469041936213677 8.51892441793997
21.49210038923197 20.170599994535927 26.375738648293094
5.420945526579308 21.486637256273028 25.81341120294448
27.78302758451339 -0.5653579742765258 13.731823283587499
-0.9209259498398961 4.405040488140591 19.255735206010655
7.164287755845524 27.09181769918981 2.1558890368572854
32.6047716259928 5.090463131842274 13.590230780523372
17.512907693148758 24.1424268328513 12.093003721932115
20.86160472579836 3.558848651878913 27.135589042731176
4.936839878486057 15.367772359943258 1.2639113675825238
23.835837085523416 7.693333661904908 7.233935847185149
5.085864756905671 4.117552049529886 21.728406944029366
23.65979025010094 12.627406152482493 18.490495407385886
4.50555377352039 19.673891048305798 4.073720613431204
29.25285380745053 15.132235487105238 7.444000286621492
