16.959254714479684 8.620501543753363 6.113129051842034
13.027025446154816 32.24923497281332 5.529423205638416
26.928513043168543 26.08317748888849 11.82787013931178
22.83277164415147 16.1342017063214 3.5266851107094634
8.09188206869586 19.764524793798557 16.275299233977236
26.863154983625183 14.739112787578076 33.343497876455295
14.101391834716882 25.738922847227776 8.518416088760947
33.980388126169885 10.774340449330111 14.657563998636634
27.010672388915182 12.701567834069925 29.5452514819683
28.291849706060965 5.964755984321649 4.605237984362347
30.65856156119232 19.135805655833416 24.791144194236264
10.07248347877971 20.927331546794548 14.446384160825263
9.94882784486196 28.49149110387398 15.61588150048228
6.891392019994951 27.624360482334268 28.298043968804436
24.33645813828402 16.04150315008925 15.093131177317222
-0.48357588444997224 3.651088038328962 18.115528380519127
12.34274221430336 22.585123474598277 2.785469482532743
3.075365305344073 25.00454894372068 17.057717952596246
13.990567215489317 -1.24205898513511 5.076635992669516
-0.2793266144593778 14.993806740935549 20.94387237506839
